,O2Conc
0,211.02346694268275
1,351.26518838307146
2,301.7877254615614
3,267.9923037373332
4,457.5409484260615
5,387.11339499873776
6,435.583229410015
7,457.5409484260615
8,920.6289523862214
9,605.7469574047683
10,308.6917358894407
11,443.5913767653959
12,217.68687639790005
13,168.56192092309368
14,743.2034010771121
15,199.59717728856648
16,278.4402243220048
17,286.3324855220058
18,16.321280813698895
19,257.65336140658474
20,332.79423235598085
21,165.6168794960898
22,266.5923566404767
23,551.9940409287822
24,181.51794794475123
25,447.1875368250136
26,487.9434015189143
27,564.8966766059234
28,148.0941163944195
29,310.0593525430588
30,544.4399845518675
31,451.4673037591092
32,192.88081326112828
33,74.67739487977154
34,729.1091105736388
35,173.58083079829723
36,372.2348962898496
37,196.91963811517405
38,564.8966766059234
39,61.38640539403472
40,379.41846537108154
41,982.2686584182941
42,11.40033565451474
43,525.1853603538109
44,85.86407569042724
45,90.8389768599872
46,25.421177334870535
47,163.22244109030282
48,128.0615947635107
49,668.2374131387916
50,105.98690835303849
51,311.6051711734027
52,699.0172651931065
53,269.3937886481606
54,406.65025734563926
55,647.2248312294045
56,599.682418688624
57,414.4563023731121
58,982.2686584182941
59,639.2805467666241
60,279.10219179474774
61,140.00234405868719
62,308.6917358894407
63,159.56501661022844
64,473.36253182999803
65,168.89410509784622
66,202.23187393155757
67,785.168686840716
68,301.3392979844692
69,13.858173284389846
70,247.15316113583395
71,4.763756542832668
72,153.43102972385273
73,453.3382149475499
74,332.79423235598085
75,26.46139989451357
76,137.36829598668587
77,648.4322793802656
78,92.68727456830598
79,410.73130951561257
80,217.68687639790005
81,569.1105012449702
82,708.881645252672
83,813.2727333651804
84,86.42018280190676
85,471.1349893927898
86,443.5913767653959
87,624.8430769799327
88,441.1682637462061
89,140.00234405868719
90,422.4867515854924
91,180.98422372077474
92,357.52124949254113
93,105.98690835303849
94,383.9434365062795
95,279.29884195364525
96,27.465303528242945
97,12.126452986552282
98,224.93072064350412
99,451.4673037591092
100,504.5506428923715
101,199.59717728856648
102,69.52922040083963
103,465.5188739706584
104,271.777198750066
105,286.3324855220058
106,883.9820785104885
107,301.3392979844692
108,179.3499319022091
109,148.9705603265323
110,148.36658945964714
111,184.72109911025132
112,75.01918777718056
113,447.1875368250136
114,385.9371386909901
115,349.0770971576209
116,223.26696975202134
117,48.9305023733504
118,394.1138919992579
119,134.2660157186414
120,760.6612086858319
121,305.8755764127549
122,648.4322793802656
123,488.31832589930946
124,591.2613158830927
125,846.963982179358
126,331.44345295533935
127,136.9842422608487
128,32.95043908633704
129,468.0432896105756
130,94.85961595264592
131,37.97281526383618
132,205.41286386598009
133,656.1026144118354
134,154.36263318654812
135,862.3935672532848
136,52.56772082829402
137,414.4563023731121
138,232.0861654445646
139,822.0762216918539
140,310.8078784189177
141,604.2852467677861
142,447.84848081518317
143,335.7539326944438
144,596.8949957431414
145,86.7266410429457
146,714.3943628267072
147,391.3092940131522
148,67.61537788815586
149,373.7006169641789
150,137.18931701419183
151,131.8050867569524
152,527.4119940377277
153,102.94188032963528
154,175.7557557707111
155,371.09725967223153
156,252.1580359464075
157,350.81544586007607
158,115.89192496687647
159,251.54509286298116
160,430.94649344229936
161,207.98125439034456
162,183.06003345002264
163,24.337330332411124
164,655.0043961997775
165,11.440096801929473
166,344.02261352994316
167,829.6818048364513
168,338.6082747522421
169,75.2098791223261
170,415.8038829891069
171,587.8428955397484
172,475.22540652014555
173,476.8063869432364
174,158.13682502016638
175,68.3205654896386
176,214.0914012146246
177,82.26892807660286
178,196.14004485115714
179,645.9123627197505
180,64.26592177401857
181,517.7855502563589
182,54.421507523518706
183,0.05454841212907678
184,353.8064475418225
185,244.59366329053088
186,286.3324855220058
187,200.2040443483027
188,430.3870798829529
189,86.7266410429457
190,903.8965812261137
191,152.6129354303549
192,163.89241180921564
193,472.8437305260352
194,156.76045305207407
195,188.45985562912716
196,339.11636471103157
197,429.67416189151214
198,154.87864857113095
199,154.5063767195751
200,39.300728361511176
201,11.464736368257439
202,46.52593549509519
203,52.92139849906776
204,851.9690142136961
205,264.35563362646445
206,102.34702143214746
207,123.2215638493003
208,133.6822024543702
209,221.3813352454957
210,160.6490452464888
211,147.59916912481216
212,32.70270884310446
213,169.60932856968796
214,23.049833418111923
215,663.8131854143776
216,576.9518555943744
217,325.15505848875074
218,84.54362016044072
219,198.89897291229198
220,24.44432428518485
221,220.03335885556993
222,33.8926808968732
223,46.52593549509519
224,63.42310895597982
225,68.3205654896386
226,22.870778631109935
227,15.957964804762392
228,215.16820465885576
229,464.67057887217055
230,238.15026531509034
231,355.6140883763996
232,175.7557557707111
233,82.26892807660286
234,151.55704283917677
235,183.22056632896013
236,80.12797062880658
237,92.25647290800724
238,36.665071123793766
239,50.60828275903627
240,227.6931875536148
241,136.2274520274513
242,77.9416126285875
243,51.36776170072946
244,306.6430129318944
245,134.2660157186414
246,21.526379372409785
247,52.92139849906776
248,118.20047938261395
249,351.63785259131845
250,130.98692259643389
251,154.5063767195751
252,6.926889425417615
253,21.26337351208205
254,20.452293247032568
255,188.45985562912716
256,60.25971052607879
257,15.769967726948469
258,20.3896968152751
259,239.8811687426726
260,133.9882441496342
261,242.33957820990707
262,258.92002326394834
263,253.63929180924984
264,182.12133457030194
265,0.6480298613896328
266,85.81134825727278
267,30.479947407438843
268,8.663621173634374
269,85.61504777487907
270,12.053265559100794
271,30.97922104078754
272,778.5522658766027
273,140.00234405868719
274,609.2331835281777
275,145.95946879154974
276,296.19071363357665
277,32.70270884310446
278,167.35246291437343
279,86.76815940942535
280,100.315983786179
281,322.08783580311984
282,82.26892807660286
283,296.0063284985418
284,182.5334316619621
285,23.795195863207105
286,64.78712964188725
287,651.134881793713
288,2.7798861107691413
289,108.69465399233631
290,57.66360337656422
291,98.48160605137966
292,88.10541643446683
293,91.85988408505129
294,374.7449974500349
295,210.09846514970639
296,281.5227207691047
297,175.53014939514478
298,112.37190605364104
299,231.1965138386658
300,250.74728549146786
301,101.46331952853596
302,26.71327555366292
303,211.02346694268275
304,65.22258094572085
305,88.94418640619087
306,109.30554664743846
307,35.11709779220416
308,13.465147726557195
309,307.04978617957283
310,195.72787915777252
311,557.1458897714502
312,17.25464520612898
313,101.35624862467685
314,29.869260422653063
315,69.43249834920988
316,40.742183095154004
317,93.49426174830703
318,80.9404720616322
319,75.88187841657852
320,223.26696975202134
321,37.26849331543764
322,10.531564349964773
323,42.02931497828399
324,43.79513930365709
325,53.79622807883806
326,246.82060100229666
327,32.12018859011404
328,353.5366877052302
329,94.68312738811318
330,197.08733489907863
331,52.78241304505651
332,151.45053571184158
333,130.83723376439076
334,39.767898334398645
335,60.54106358427702
336,141.99434276922457
337,202.02096219751635
338,150.1420381136628
339,59.30140441655634
340,92.7518702935404
341,27.57811436274361
342,88.10541643446683
343,46.8343882238811
344,224.69843679832297
345,29.32551538872481
346,75.52522311879893
347,140.00234405868719
348,72.45696061307588
349,55.09291136712424
350,84.48111924831717
351,44.91645243778238
352,182.12133457030194
353,162.09591398143635
354,172.27215534494715
355,31.566126795619585
356,132.42983033552423
357,291.1009736029273
358,18.979771172355957
359,57.21981758470975
360,221.3813352454957
361,127.1336768358898
362,61.82821867246666
363,129.10891466137184
364,1.8776213600572165
365,40.436130002473774
366,66.99772469975129
367,168.06552470971505
368,94.47776418815242
369,96.32504442923998
370,178.6071908908112
371,132.06695915204656
372,392.17905759317927
373,77.9416126285875
374,20.65707851465946
375,46.97433184936741
376,113.70396095998221
377,524.5382745501425
378,191.510198198559
379,519.7946621805313
380,44.501462824814695
381,192.88081326112828
382,274.4519066681656
383,249.03661274757383
384,45.567492866406035
385,76.43705447109457
386,348.7710543475739
387,4.406830224595724
388,55.480435168163694
389,583.9004668879336
390,160.3669289718179
391,149.44800102147175
392,141.99434276922457
393,281.4315702739624
394,878.9099992004997
395,105.98690835303849
396,76.60126948444325
397,51.36776170072946
398,148.4375992378292
399,182.12133457030194
400,59.938425425702825
401,98.48160605137966
402,385.5030905279239
403,43.278656385735765
404,299.4380368743764
405,286.3324855220058
406,28.716463361840553
407,129.15647905597578
408,80.98291104576107
409,83.5803098716069
410,174.0409668442354
411,81.02272245100886
412,150.66430986785934
413,55.78691542670022
414,121.32934851465316
415,448.3325891374347
416,202.02096219751635
417,194.3263660619661
418,30.97922104078754
419,145.81994954685496
420,267.2008404972383
421,227.6931875536148
422,86.76815940942535
423,225.178922347853
424,104.52962176537976
425,4.285776007361063
426,362.4076509827507
427,54.872736476293234
428,952.3948192000178
429,705.2504228524764
430,311.0024479890028
431,82.26892807660286
432,161.23739542494297
433,866.8552373397221
434,109.15506945280418
435,592.1561086718084
436,69.29459361930154
437,149.39442893110487
438,240.61116771886643
439,326.8948513837415
440,246.1382513137739
441,16.08962311646578
442,68.7120133526378
443,124.11591943854502
444,44.457008424778834
445,124.76557182601698
446,373.52209492465175
447,65.27900750535967
448,60.60602153941641
449,27.802348447659494
450,137.52586225318058
451,262.3145584149652
452,554.7435045912069
453,356.6608161182144
454,257.49345178433396
455,695.064228195786
456,829.6818048364513
457,171.16794046940387
458,64.26592177401857
459,41.812282769121595
460,30.420444403605842
461,207.81431487910586
462,8.283934425519245
463,53.570693883783335
464,181.19014426969082
465,443.12400162789226
466,46.572545300334205
467,140.00234405868719
468,33.442483632233916
469,474.33371700475885
470,714.3943628267072
471,31.346572065643205
472,743.2034010771121
473,286.3324855220058
474,292.4558916056563
475,171.06166107542205
476,26.73988446085488
477,279.29884195364525
478,192.88081326112828
479,2.1942745431460473
480,136.2274520274513
481,188.03711923768375
482,258.92002326394834
483,333.74060851240955
484,73.88705949387638
485,252.41416323185754
486,258.42702661215264
487,448.3325891374347
488,906.6161471302811
489,179.3499319022091
490,22.192381279464282
491,205.11030687212582
492,177.09033372925586
493,702.3703467829454
494,60.78949366734021
495,243.60858429945938
496,466.83538223966434
497,89.09510950754243
498,150.66430986785934
499,248.90810654471693
500,184.72109911025132
501,82.26892807660286
502,99.2980745466079
503,36.665071123793766
504,49.86002196436923
505,65.88194962202344
506,298.2319698636495
507,42.27038039964234
508,743.2034010771121
509,204.6829060621941
510,28.391413863547722
511,335.7539326944438
512,221.1474543820302
513,137.28174692919282
514,97.76821210389103
515,393.4375475772553
516,477.8435533729082
517,183.59983903942987
518,24.337330332411124
519,158.13682502016638
520,133.83902011103743
521,85.91839649148432
522,27.4067702870962
523,113.13017595890368
524,235.37507745841853
525,138.00401490048105
526,129.9467863974148
527,37.90400963248352
528,113.58409123460743
529,240.35310258749098
530,125.81023059052667
531,181.76724545694074
532,344.02261352994316
533,100.13796490424686
534,27.221991937887953
535,463.46355362965215
536,324.7431825029729
537,26.086644362317987
538,319.7758806484189
539,420.13850523929
540,89.13391267873554
541,187.14602402684233
542,129.9467863974148
543,301.3392979844692
544,711.8786952546221
545,424.21517327709813
546,178.2319394774492
547,91.85988408505129
548,165.95135979447934
549,622.8764407203025
550,425.0493085700269
551,264.35563362646445
552,177.09033372925586
553,135.6293439173753
554,91.39401569767615
555,405.11515140503735
556,144.23416365221573
557,185.60063723729337
558,464.67057887217055
559,906.6161471302811
560,496.12096034993
561,129.22705190716547
562,219.89141349667744
563,115.89192496687647
564,711.8786952546221
565,151.32013150875525
566,286.3324855220058
567,399.005486871245
568,314.342470397374
569,217.68687639790005
570,89.33473936931134
571,209.26320992448743
572,241.49202251367336
573,314.342470397374
574,93.53790552777846
575,582.6605735448255
576,190.85119462347802
577,530.5798862393207
578,145.88888258467452
579,429.67416189151214
580,891.7551162863484
581,70.4769746318779
582,706.7913717168176
583,44.888481097530274
584,562.5015048909896
585,459.2142581617321
586,618.6639227855823
587,536.7497509063729
588,140.00234405868719
589,280.28562086509896
590,114.66211366791678
591,169.40712760171905
592,465.5188739706584
593,130.98692259643389
594,131.22582619678502
595,690.334392893856
596,512.8241398744655
597,302.2637778712837
598,158.82386663433968
599,109.80413756274453
600,649.1849632380653
601,383.9434365062795
602,998.4703055461467
603,17.18461660049023
604,250.74728549146786
605,267.9923037373332
606,347.43001382744893
607,482.2973940785212
608,564.8966766059234
609,647.7859158107792
610,233.47218055185286
611,122.63492531760131
612,319.7758806484189
613,239.15481914657795
614,266.5923566404767
615,53.67796958681428
616,79.35241477194303
617,398.80131364290236
618,16.472035121336447
619,695.064228195786
620,430.3870798829529
621,120.2136535604835
622,161.01287619869558
623,766.7807884569835
624,344.02261352994316
625,90.16645631987792
626,46.35541433343027
627,445.80982246076564
628,90.488984033038
629,188.45985562912716
630,363.67159421143447
631,326.74393498964537
632,789.5016195227468
633,526.0368730203686
634,356.6608161182144
635,172.27215534494715
636,216.25600804502577
637,534.461464072787
638,61.281722597246514
639,639.2805467666241
640,301.3392979844692
641,0.9500051636947058
642,168.89410509784622
643,785.168686840716
644,92.09396564260568
645,616.0077573813703
646,648.4322793802656
647,142.71122107330976
648,77.42042068070977
649,159.56501661022844
650,837.0890030393165
651,952.3948192000178
652,82.26892807660286
653,325.71816606992763
654,29.841897755883085
655,307.4731858861272
656,691.066200739263
657,74.05802282376756
658,219.46190701251362
659,379.41846537108154
660,152.6129354303549
661,356.6608161182144
662,300.9161586622338
663,523.6199248071508
664,376.4689536211056
665,413.5558583135593
666,202.23187393155757
667,16.83662721002667
668,286.3324855220058
669,962.0636581890012
670,899.2964017366397
671,462.495682398026
672,173.45749027746078
673,228.44326553323648
674,255.42546836089068
675,219.46190701251362
676,466.83538223966434
677,299.7787468527031
678,261.74364319946307
679,54.708205748362666
680,414.4563023731121
681,286.3324855220058
682,37.67542665711508
683,60.40489834925276
684,657.3657599659092
685,308.6917358894407
686,520.9457521730576
687,358.8521137667223
688,255.9697790190608
689,520.9457521730576
690,234.78913374141803
691,181.51794794475123
692,22.192381279464282
693,594.2536904922348
694,230.9238999337291
695,161.01287619869558
696,366.3298092824761
697,0.15250758598163677
698,240.15763382573286
699,496.12096034993
700,380.9668123657169
701,455.70870051971855
702,546.3411230273923
703,989.3705168958174
704,996.2336017150851
705,631.1662553381805
706,476.8063869432364
707,160.01534095436534
708,54.872736476293234
709,774.2668699779554
710,260.5163233107316
711,374.51309705515285
712,429.67416189151214
713,430.3870798829529
714,242.57588364021734
715,639.2805467666241
716,822.0762216918539
717,57.34624220794145
718,94.58448059649513
719,374.51309705515285
720,43.317873126194364
721,366.3298092824761
722,513.6861257324787
723,432.76618121338953
724,223.7295961331546
725,366.3298092824761
726,253.87377331204127
727,80.7945024752392
728,672.1945664505753
729,137.36829598668587
730,496.12096034993
731,376.4689536211056
732,455.70870051971855
733,233.32168643481327
734,327.82456336195287
735,449.4252778434858
736,32.12018859011404
737,989.3705168958174
738,238.74139021530993
739,170.9327443270345
740,1.231920820220699
741,496.12096034993
742,158.82386663433968
743,807.860173586153
744,536.7497509063729
745,142.6254043416382
746,73.7088253502287
747,630.5800134281885
748,26.46139989451357
749,647.7859158107792
750,197.17651623263015
751,797.9861274087499
752,690.334392893856
753,77.21762372848495
754,522.2145024245644
755,68.18501057117295
756,84.0425264223871
757,371.09725967223153
758,286.3324855220058
759,432.34220043357357
760,151.32013150875525
761,161.49993711055498
762,335.7539326944438
763,309.35525203915574
764,351.85273044946274
765,668.2374131387916
766,743.2034010771121
767,264.35563362646445
768,599.682418688624
769,760.6612086858319
770,955.3402455542484
771,149.30647986866606
772,387.11339499873776
773,2.1942745431460473
774,15.066675590782546
775,203.5629377014117
776,188.73145874056718
777,140.00234405868719
778,279.4850783311577
779,236.0420613319619
780,438.5107907077404
781,428.3511645040955
782,237.89240672174063
783,596.8949957431414
784,292.92412892550533
785,846.963982179358
786,95.92761134976239
787,862.3935672532848
788,201.094652768706
789,629.9024651110883
790,363.92943957805744
791,199.1795992355254
792,279.10219179474774
793,238.37365002863007
794,16.83662721002667
795,279.6617067959158
796,236.56057574889323
797,199.59717728856648
798,112.30772674173204
799,699.731224785468
800,519.7946621805313
801,76.75648977729223
802,134.06017886343287
803,172.27215534494715
804,515.7077178416179
805,95.92761134976239
806,743.2034010771121
807,366.3298092824761
808,225.73010571315695
809,959.3989724972084
810,91.85988408505129
811,71.05073667846746
812,846.963982179358
813,233.47218055185286
814,192.88081326112828
815,184.19651192244962
816,703.5732852971767
817,837.0890030393165
818,257.65336140658474
819,271.777198750066
820,188.45985562912716
821,777.2117899739699
822,98.53359373072071
823,569.1105012449702
824,355.6140883763996
825,666.0887038903963
826,259.16004657738137
827,227.11774789352586
828,116.64756072818531
829,234.78913374141803
830,480.37944717766374
831,562.5015048909896
832,239.15481914657795
833,119.33146295490528
834,17.62467840953686
835,648.4322793802656
836,173.58083079829723
837,194.94482730423096
838,316.8189776122582
839,195.07919128526146
840,66.18414858674684
841,769.045424537878
842,366.3298092824761
843,217.68687639790005
844,639.2805467666241
845,98.53359373072071
846,660.5617048084877
847,785.168686840716
848,278.89422927011327
849,271.777198750066
850,552.4342336356875
851,677.4044591274188
852,724.761670133482
853,554.7435045912069
854,178.52840725305944
855,146.5915661681857
856,333.93452906890974
857,217.68687639790005
858,67.90583984529445
859,564.8966766059234
860,93.15691583477458
861,154.87864857113095
862,28.391413863547722
863,327.82456336195287
864,140.00234405868719
865,93.15691583477458
866,258.42702661215264
867,496.12096034993
868,474.33371700475885
869,169.70009102333907
870,140.00234405868719
871,620.2895318591179
872,394.1138919992579
873,140.00234405868719
874,989.3705168958174
875,614.4053454329837
876,84.12426934469278
877,140.00234405868719
878,78.85820477535556
879,240.35310258749098
880,752.0503073283264
881,112.30772674173204
882,215.9894170135817
883,149.66854353961577
884,197.4682898004052
885,35.54415415731887
886,232.0861654445646
887,99.79225933449007
888,122.87443483721557
889,541.0391327339269
890,294.1142173136037
891,71.4802380935515
892,156.67608607126343
893,559.4155053963888
894,424.21517327709813
895,224.93072064350412
896,762.5436394488681
897,22.05820021382145
898,422.4867515854924
899,213.83826419485158
900,380.9668123657169
901,438.5107907077404
902,545.6109194460105
903,115.89192496687647
904,129.56657395112708
905,415.51124501869054
906,448.99425398988745
907,996.2336017150851
908,171.06166107542205
909,743.2034010771121
910,854.7883944336156
911,317.74475107757024
912,460.7484506590705
913,48.65139642915683
914,180.08250099140443
915,180.98422372077474
916,248.11808001674964
917,133.0643544407182
918,453.69374041414125
919,552.4342336356875
920,358.0145596167498
921,192.88081326112828
922,369.17725902979305
923,599.682418688624
924,131.8050867569524
925,83.77679164535597
926,168.56192092309368
927,1.564736383835356
928,80.67795966223281
929,58.01654694694385
930,124.283471381424
931,173.58083079829723
932,66.49919926625255
933,4.763756542832668
934,670.7605793869927
935,337.7179426405525
936,379.0812439229712
937,77.42042068070977
938,42.68656424685366
939,639.2805467666241
940,145.88888258467452
941,278.4402243220048
942,699.731224785468
943,57.27183893718449
944,797.9861274087499
945,51.36776170072946
946,453.69374041414125
947,43.690093665948254
948,143.00602913117262
949,74.67739487977154
950,442.00043075832934
951,686.3439408964128
952,536.7497509063729
953,699.731224785468
954,21.526379372409785
955,549.4909290051786
956,345.1153847870865
957,699.731224785468
958,18.979771172355957
959,448.99425398988745
960,161.23739542494297
961,25.36947127177372
962,369.17725902979305
963,666.0887038903963
964,806.2371435199467
965,760.6612086858319
966,42.453532786695426
967,83.96768243135165
968,108.16668992328542
969,530.5798862393207
970,42.506392310815855
971,255.05162141305425
972,246.1382513137739
973,639.2805467666241
974,271.777198750066
975,743.2034010771121
976,66.32571154259729
977,122.00578440773086
978,143.2410055962835
979,100.58976362318343
980,714.3943628267072
981,394.69289107449003
982,272.5527654708354
983,933.8641385200141
984,21.116272645885406
985,415.51124501869054
986,180.98422372077474
987,647.7859158107792
988,369.17725902979305
989,479.6161276880442
990,300.5162270451837
991,622.8764407203025
992,221.51054530666
993,102.09348957825004
994,822.0762216918539
995,249.03661274757383
996,94.58448059649513
997,831.8180479015505
998,319.7758806484189
999,177.60067695328993
1000,394.1138919992579
1001,235.15343848374917
1002,762.5436394488681
1003,813.2727333651804
1004,561.1428401543292
1005,146.5915661681857
1006,64.78712964188725
1007,523.6199248071508
1008,677.4044591274188
1009,46.07585600077227
1010,293.67248392801554
1011,48.36482544723104
1012,253.03799389100445
1013,173.58083079829723
1014,508.1152976255475
1015,303.30963865242575
1016,382.5675395310218
1017,165.6168794960898
1018,219.30434279922142
1019,593.6854278455835
1020,649.1849632380653
1021,195.23226713509482
1022,131.22582619678502
1023,438.5107907077404
1024,28.60143539925446
1025,108.00898201690025
1026,272.1755962553867
1027,116.64756072818531
1028,477.8435533729082
1029,989.3705168958174
1030,114.22381454157939
1031,99.06128938883737
1032,335.7539326944438
1033,294.1142173136037
1034,64.78712964188725
1035,184.19651192244962
1036,202.92735500820294
1037,631.1662553381805
1038,363.92943957805744
1039,62.09093102371451
1040,53.472938887749216
1041,383.9434365062795
1042,510.68065071532226
1043,269.2068350508216
1044,103.69198810009948
1045,477.8435533729082
1046,140.00234405868719
1047,46.60691797134341
1048,263.03577688511274
1049,86.03211609905888
1050,959.3989724972084
1051,178.52840725305944
1052,87.73554712632598
1053,256.8355739541185
1054,7.834671814096105
1055,563.5981479303834
1056,541.0391327339269
1057,93.15691583477458
1058,899.2964017366397
1059,190.57389847917128
1060,182.66387082738973
1061,112.85106740960978
1062,293.0965374121713
1063,97.83480282824681
1064,89.33473936931134
1065,323.10466596406815
1066,95.92761134976239
1067,136.870067968081
1068,17.62467840953686
1069,42.453532786695426
1070,42.27038039964234
1071,127.61498872051114
1072,789.5016195227468
1073,200.07405317045948
1074,293.0965374121713
1075,32.7761004956731
1076,593.6854278455835
1077,39.402180738594005
1078,50.13440760554239
1079,974.9153449183842
1080,61.281722597246514
1081,327.82456336195287
1082,47.92955719274757
1083,227.11774789352586
1084,422.4867515854924
1085,228.00806958230643
1086,555.7211280045033
1087,341.8125319942829
1088,68.18501057117295
1089,325.32229279134407
1090,91.63669695570955
1091,40.3301563775593
1092,897.4322382252475
1093,159.34736964795164
1094,172.27215534494715
1095,82.26892807660286
1096,216.13407175762265
1097,486.5660296168356
1098,453.3382149475499
1099,301.7877254615614
1100,156.3469451994984
1101,53.30133451078916
1102,251.54509286298116
1103,267.54825169542374
1104,219.30434279922142
1105,174.51388886389128
1106,982.2686584182941
1107,164.1915254213607
1108,532.4171946304679
1109,93.67089712623675
1110,123.2215638493003
1111,303.30963865242575
1112,83.62446819816094
1113,134.8060185308231
1114,128.86469460448006
1115,242.44327514945343
1116,130.18523467893618
1117,69.20099909941648
1118,903.8965812261137
1119,142.6254043416382
1120,80.89513648829669
1121,172.27215534494715
1122,13.031507963943442
1123,294.1142173136037
1124,402.1595317318324
1125,760.6612086858319
1126,363.35168725520316
1127,83.8354696101436
1128,104.95857670544068
1129,52.288309888207706
1130,298.2319698636495
1131,184.913607135619
1132,150.94615482367533
1133,442.7081724615873
1134,258.7249297865638
1135,250.74728549146786
1136,140.00234405868719
1137,88.27971095743264
1138,31.416303174146236
1139,55.30957551496392
1140,104.14557859272614
1141,173.35539656441762
1142,12.314265332280923
1143,573.8743815792246
1144,245.0693623093431
1145,271.777198750066
1146,71.4802380935515
1147,168.89410509784622
1148,182.66387082738973
1149,510.68065071532226
1150,356.46815588981286
1151,15.957964804762392
1152,194.62501295246648
1153,27.432035248202126
1154,34.696838941087194
1155,163.89241180921564
1156,124.3542022983747
1157,188.2581319437064
1158,158.13682502016638
1159,230.9238999337291
1160,656.1026144118354
1161,162.43603094447937
1162,699.0172651931065
1163,596.8949957431414
1164,169.70009102333907
1165,422.4867515854924
1166,473.36253182999803
1167,109.5601203072551
1168,350.81544586007607
1169,194.53935073075525
1170,137.90266474943527
1171,154.0380612693625
1172,39.61393598561892
1173,178.2319394774492
1174,173.19621651591723
1175,100.27458840551466
1176,82.26892807660286
1177,222.87014253504972
1178,98.71820599870478
1179,36.21790889582666
1180,534.8982656409564
1181,168.89410509784622
1182,208.1028004264445
1183,250.25079110807533
1184,318.72851071838426
1185,278.4402243220048
1186,164.06598922395568
1187,743.2034010771121
1188,35.06067410052049
1189,352.09073525275437
1190,48.3000990191563
1191,56.17500938430706
1192,56.717063684787576
1193,6.68727663204769
1194,74.24506417084834
1195,129.9467863974148
1196,244.22962841650326
1197,76.75648977729223
1198,362.0700773892857
1199,117.8289391985253
1200,99.06128938883737
1201,453.69374041414125
1202,806.2371435199467
1203,112.30772674173204
1204,82.26892807660286
1205,438.1604244587999
1206,36.40528785266978
1207,433.35037150712964
1208,163.8299119810822
1209,1.8426715151857536
1210,0.48178639880101715
1211,87.33429478798814
1212,57.433604311314994
1213,187.14602402684233
1214,110.33912666705537
1215,113.51909226679471
1216,99.92031991206208
1217,235.6312421900748
1218,208.1028004264445
1219,56.79871460217191
1220,512.0427980193931
1221,181.51794794475123
1222,151.32013150875525
1223,584.9416651096749
1224,228.79453360024266
1225,61.234859269177754
1226,3.8365200852000525
1227,20.452293247032568
1228,19.443491678106728
1229,425.9880423970679
1230,146.10584443778743
1231,100.01294372636492
1232,41.4803635410068
1233,375.5268857538769
1234,102.34702143214746
1235,65.4510789981763
1236,197.17651623263015
1237,310.8078784189177
1238,120.04329131283447
1239,530.5798862393207
1240,50.300834330378464
1241,65.39768225697158
1242,357.52124949254113
1243,146.96073598406804
1244,23.049833418111923
1245,52.192311518572
1246,165.8592746449884
1247,62.16843295717972
1248,157.70600089594544
1249,318.39381510908674
1250,121.7858176960911
1251,104.35995639494823
1252,160.3669289718179
1253,242.44327514945343
1254,153.88121581953612
1255,26.73988446085488
1256,13.858173284389846
1257,838.9107116013467
1258,253.87377331204127
1259,273.57261462121863
1260,518.7455905279636
1261,72.91304175097238
1262,269.2068350508216
1263,146.7711211737172
1264,8.625432700611672
1265,216.52882188869876
1266,27.624805214847555
1267,9.437848522601529
1268,76.26303956783224
1269,547.2024788823362
1270,695.064228195786
1271,118.65470609584999
1272,80.61249506272522
1273,148.36658945964714
1274,397.19418569194943
1275,76.99712158161641
1276,347.43001382744893
1277,197.4682898004052
1278,209.15045765324763
1279,164.06598922395568
1280,104.25939294208747
1281,41.19775105382535
1282,151.8887961603775
1283,109.6538852438283
1284,19.463793475216136
1285,48.798507201262964
1286,9.028878527172937
1287,5.020184394152159
1288,42.993062515809456
1289,275.8909714313425
1290,70.08026721533156
1291,10.27282115749349
1292,3.4999644104725367
1293,51.36776170072946
1294,114.54406254601513
1295,504.1528057695515
1296,23.113237470963053
1297,112.21384097935581
1298,31.261505801529538
1299,331.44345295533935
1300,262.3145584149652
1301,26.951841610568327
1302,137.28174692919282
1303,14.108890012090253
1304,109.34542627629138
1305,45.76327153456533
1306,163.22244109030282
1307,3.6490305443113673
1308,242.33957820990707
1309,134.1304130929688
1310,248.90810654471693
1311,364.31944750181503
1312,582.6605735448255
1313,656.1026144118354
1314,13.187332008264994
1315,419.1567279894965
1316,402.1595317318324
1317,587.8428955397484
1318,666.0887038903963
1319,59.01713183068185
1320,204.6829060621941
1321,453.69374041414125
1322,97.76821210389103
1323,30.93596509223096
1324,707.750986491885
1325,185.60063723729337
1326,16.750186542638797
1327,100.87197807850887
1328,54.421507523518706
1329,291.58525409773404
1330,13.187332008264994
1331,36.37747704879234
1332,142.39774659060282
1333,674.6084670974701
1334,97.19358376836897
1335,806.2371435199467
1336,822.0762216918539
1337,236.56057574889323
1338,16.038360916145766
1339,71.4802380935515
1340,58.752526252829
1341,258.92002326394834
1342,88.46473580211534
1343,161.98924414730064
1344,6.68727663204769
1345,64.78712964188725
1346,6.68727663204769
1347,76.60126948444325
1348,276.0975925894984
1349,266.84033652888775
1350,20.52070609431241
1351,50.46352293837857
1352,453.3382149475499
1353,153.0091312550009
1354,190.85119462347802
1355,417.8698857649257
1356,534.461464072787
1357,85.86407569042724
1358,351.26518838307146
1359,22.870778631109935
1360,154.87864857113095
1361,16.554550914479165
1362,127.1336768358898
1363,76.0783205490552
1364,137.72977651730793
1365,150.39661759605477
1366,0.38449793829674267
1367,589.3657649271133
1368,198.6422852418527
1369,253.87377331204127
1370,769.045424537878
1371,564.8966766059234
1372,586.2241782698159
1373,183.59983903942987
1374,463.04035660326923
1375,120.70772627451892
1376,14.336205698695444
1377,3.6490305443113673
1378,130.41263622446834
1379,610.8862656024469
1380,9.852456928274608
1381,146.5915661681857
1382,90.58603052842865
1383,62.04218808704881
1384,65.80831627477289
1385,20.595785542140995
1386,130.46784999975085
1387,255.05162141305425
1388,941.2508855265107
1389,699.0172651931065
1390,148.9705603265323
1391,205.11030687212582
1392,496.12096034993
1393,212.80772379016304
1394,107.55513514168857
1395,57.91173163585524
1396,108.28624493415138
1397,271.4989049630451
1398,50.52757979392616
1399,73.4956163346916
1400,152.9413787948357
1401,11.686068190926834
1402,32.749664627067546
1403,91.10779139788865
1404,275.6758358842753
1405,30.838806505055828
1406,32.836244344617405
1407,26.46139989451357
1408,338.6082747522421
1409,213.20753399761657
1410,175.4613037446993
1411,152.1503880470945
1412,47.75500371933749
1413,184.00633209373163
1414,102.09348957825004
1415,59.01713183068185
1416,112.1003343833172
1417,261.387877537093
1418,25.774651161248546
1419,351.63785259131845
1420,78.484083498369
1421,55.00717876843788
1422,149.1354323194547
1423,64.22750085848841
1424,256.8355739541185
1425,59.51774499536403
1426,236.56057574889323
1427,504.98994561756984
1428,814.2641754950499
1429,391.3092940131522
1430,167.009350268409
1431,187.2260477324723
1432,129.9467863974148
1433,1.2070683158523432
1434,116.51371555517096
1435,115.33949261411246
1436,131.87216196135114
1437,17.988994812309915
1438,49.64043298234764
1439,17.504096789700803
1440,19.99954467344805
1441,22.131328590701834
1442,176.31577265997834
1443,53.472938887749216
1444,269.2068350508216
1445,132.96608955680287
1446,166.156274094262
1447,200.2040443483027
1448,672.1945664505753
1449,519.7946621805313
1450,356.6608161182144
1451,422.4867515854924
1452,200.62382304667582
1453,59.30140441655634
1454,149.66854353961577
1455,9.007507800038123
1456,51.36776170072946
1457,113.09348192187815
1458,59.6395481175431
1459,117.10424136440265
1460,133.51719641788583
1461,20.452293247032568
1462,131.45239503909065
1463,151.2433053005429
1464,98.87239880861586
1465,24.337330332411124
1466,125.64618349967229
1467,386.1868763738203
1468,319.3489096284041
1469,107.64836190125783
1470,47.70856041640107
1471,312.23808271740216
1472,31.500137107116934
1473,23.816475378823423
1474,100.87197807850887
1475,129.15647905597578
1476,68.57223701261665
1477,100.87197807850887
1478,29.59646748151665
1479,64.22750085848841
1480,281.2384965409517
1481,208.66755688136325
1482,32.7761004956731
1483,204.98506595110524
1484,93.85318023857042
1485,26.805274844260005
1486,125.64618349967229
1487,198.48298855656134
1488,55.30957551496392
1489,15.81373881099521
1490,50.46352293837857
1491,68.57223701261665
1492,386.1868763738203
1493,99.67568784922776
1494,21.1512420939289
1495,21.586421732788754
1496,72.91304175097238
1497,112.85106740960978
1498,36.54997613710702
1499,224.69843679832297
1500,55.480435168163694
1501,150.94615482367533
1502,163.8299119810822
1503,2.954600286111705
1504,97.19358376836897
1505,439.6040378604037
1506,52.192311518572
1507,252.41416323185754
1508,75.88187841657852
1509,113.09348192187815
1510,45.35754103078521
1511,32.70270884310446
1512,18.979771172355957
1513,71.09521959171767
1514,105.98690835303849
1515,72.63310836641391
1516,97.6693874862071
1517,82.26892807660286
1518,64.29940608728033
1519,68.7120133526378
1520,3.6490305443113673
1521,47.156339016154426
1522,15.479626141999521
1523,194.4617088041015
1524,23.816475378823423
1525,121.32934851465316
1526,549.4909290051786
1527,41.89897363766605
1528,191.24455756737692
1529,8.165040238651681
1530,17.942517228388894
1531,63.6308573917881
1532,59.30140441655634
1533,6.314741491741706
1534,45.01247856970962
1535,77.56214466882706
1536,181.19014426969082
1537,165.14547224379697
1538,102.76644238550108
1539,297.229177926008
1540,151.2433053005429
1541,17.504096789700803
1542,174.0409668442354
1543,133.6822024543702
1544,99.47133678962625
1545,75.12638052984298
1546,130.98692259643389
1547,73.76051819292172
1548,201.858961594571
1549,32.80485413740757
1550,124.03079680193504
1551,353.1722906768997
1552,3.6490305443113673
1553,215.16820465885576
1554,6.159327444996501
1555,211.4776008203395
1556,113.51909226679471
1557,301.9432166379275
1558,23.387920789732746
1559,24.44432428518485
1560,55.62817060618919
1561,160.6490452464888
1562,399.005486871245
1563,176.74743506453467
1564,533.7549264352383
1565,163.22244109030282
1566,15.631078520409801
1567,344.67334579411636
1568,192.88081326112828
1569,286.3324855220058
1570,188.03711923768375
1571,142.54485796307387
1572,3.6490305443113673
1573,271.20976191218057
1574,189.5499819793107
1575,52.25391952374904
1576,75.88187841657852
1577,34.696838941087194
1578,115.89192496687647
1579,286.3324855220058
1580,238.15026531509034
1581,28.11844289739465
1582,115.89192496687647
1583,144.23416365221573
1584,37.464224475344054
1585,47.00129013395428
1586,84.67985152844061
1587,0.03730065692910053
1588,52.25391952374904
1589,8.165040238651681
1590,41.812282769121595
1591,63.336213148661614
1592,418.6174962539683
1593,17.025996135376317
1594,105.98690835303849
1595,82.26892807660286
1596,228.00806958230643
1597,184.00633209373163
1598,173.19621651591723
1599,19.510241737250936
1600,165.14547224379697
1601,83.67170405263741
1602,35.88835950095078
1603,51.36776170072946
1604,137.90266474943527
1605,29.947542005848177
1606,2.5717249851458908
1607,601.3455767432904
1608,167.009350268409
1609,4.1772809788053396
1610,81.09538172130962
1611,310.42780360631906
1612,44.27328157976773
1613,28.716463361840553
1614,705.2504228524764
1615,77.26989694347142
1616,259.3020535329433
1617,85.81134825727278
1618,184.08339489716832
1619,142.3303953711716
1620,402.1595317318324
1621,99.11534578174727
1622,28.391413863547722
1623,156.58070088615614
1624,70.08026721533156
1625,563.5981479303834
1626,107.55513514168857
1627,24.209339047777025
1628,68.7120133526378
1629,146.5915661681857
1630,0.7364790057952868
1631,121.7858176960911
1632,48.798507201262964
1633,167.4157858669489
1634,178.9055214475173
1635,92.37588016835329
1636,15.284652459734433
1637,70.52475470316173
1638,419.73249163601287
1639,72.24759473732634
1640,36.61062476782656
1641,156.9029780939699
1642,173.45749027746078
1643,55.78691542670022
1644,41.89897363766605
1645,15.00810292530561
1646,39.012651922494875
1647,81.09538172130962
1648,97.19358376836897
1649,119.97432224563225
1650,2.1942745431460473
1651,68.7120133526378
1652,132.06695915204656
1653,22.870778631109935
1654,51.36776170072946
1655,76.93895489594018
1656,74.16817579432403
1657,19.566550918100685
1658,223.7295961331546
1659,646.7331929652911
1660,112.56267156731661
1661,245.5343403937566
1662,31.44665802777028
1663,134.6376800946156
1664,121.32934851465316
1665,144.34514276795358
1666,149.66854353961577
1667,50.55632127477984
1668,82.26892807660286
1669,15.00810292530561
1670,334.6008873273264
1671,91.39401569767615
1672,110.0839258838309
1673,154.0380612693625
1674,60.980400982658814
1675,94.23580893693867
1676,233.20067275161028
1677,73.58573090360835
1678,163.96924718205773
1679,251.54509286298116
1680,87.08195318503508
1681,5.825486178168154
1682,155.82633402453143
1683,309.35525203915574
1684,286.3324855220058
1685,113.09348192187815
1686,73.76051819292172
1687,93.15691583477458
1688,20.52070609431241
1689,828.3139584404748
1690,75.12638052984298
1691,59.938425425702825
1692,56.92597414360279
1693,71.68288748912235
1694,111.07925877965599
1695,213.83826419485158
1696,130.46784999975085
1697,148.6580518405939
1698,11.717180463244487
1699,169.17169506206906
1700,592.1561086718084
1701,96.25107261418631
1702,227.606719688793
1703,280.8028083656246
1704,62.53152134938254
1705,173.9247546100389
1706,81.06014297679646
1707,55.62817060618919
1708,6.314741491741706
1709,60.87532113381755
1710,204.3954644647932
1711,291.92610165476634
1712,1.8426715151857536
1713,180.08250099140443
1714,219.1724709669208
1715,108.73909438819186
1716,50.38889232094555
1717,85.10439146904457
1718,5.583993452882556
1719,189.37719656971504
1720,449.72835620637034
1721,442.00043075832934
1722,26.086644362317987
1723,107.55513514168857
1724,13.858173284389846
1725,167.009350268409
1726,135.84871607115903
1727,109.15506945280418
1728,433.56014213685876
1729,22.870778631109935
1730,113.99892957259361
1731,216.3601882031794
1732,69.20099909941648
1733,221.9587600862187
1734,616.0077573813703
1735,34.53111078036759
1736,11.569672859271604
1737,108.93246831335337
1738,104.01570958934133
1739,188.03711923768375
1740,13.858173284389846
1741,61.234859269177754
1742,171.25706382526275
1743,70.43846974101015
1744,99.47133678962625
1745,26.086644362317987
1746,90.54531737411894
1747,60.980400982658814
1748,560.7508894983765
1749,83.50009633996461
1750,146.5915661681857
1751,226.27144208550737
1752,222.87014253504972
1753,175.4613037446993
1754,2.622459052045514
1755,17.18461660049023
1756,41.15795634233277
1757,178.7430008386878
1758,123.63617744677354
1759,140.00234405868719
1760,564.5019004684397
1761,142.09503563113634
1762,95.26612502043297
1763,82.26892807660286
1764,68.10027470716967
1765,49.86002196436923
1766,32.749664627067546
1767,146.4212910875202
1768,126.53567844824104
1769,234.07904250808338
1770,43.768182243511276
1771,181.33291920262945
1772,73.88705949387638
1773,342.9697298935987
1774,99.2980745466079
1775,137.36829598668587
1776,233.20067275161028
1777,68.7120133526378
1778,53.97411907878389
1779,153.0091312550009
1780,239.0315466531935
1781,80.98291104576107
1782,50.49672748175773
1783,26.650152619100872
1784,106.83843105983652
1785,53.090669244193805
1786,87.49881305184691
1787,21.049607213544757
1788,14.732620228679592
1789,144.23416365221573
1790,350.1722854760586
1791,151.2433053005429
1792,43.18564760708856
1793,105.98690835303849
1794,92.02592733113964
1795,47.97059148455817
1796,354.78057119432276
1797,144.34514276795358
1798,570.7737401156589
1799,63.783687567675756
1800,573.8743815792246
1801,179.5198814915844
1802,18.48083620285767
1803,95.4205319566126
1804,203.45148088429517
1805,9.89887764790201
1806,51.36776170072946
1807,140.00234405868719
1808,0.15250758598163677
1809,437.88495706387556
1810,186.61390519300733
1811,195.9900069949133
1812,788.1749535423003
1813,18.979771172355957
1814,53.79622807883806
1815,78.36162906210511
1816,366.3298092824761
1817,65.3130845978235
1818,77.69581865394362
1819,246.65219479584164
1820,243.94207005260398
1821,135.74185198562935
1822,135.51073261178604
1823,189.5499819793107
1824,41.89897363766605
1825,276.29619500972507
1826,72.33590677865976
1827,59.30140441655634
1828,314.9626605664143
1829,32.12018859011404
1830,56.343061377766816
1831,226.27144208550737
1832,226.27144208550737
1833,81.12862409072028
1834,144.0283942749855
1835,364.31944750181503
1836,23.246162464558164
1837,9.832584095568302
1838,332.0126196514955
1839,135.38550759863173
1840,36.40528785266978
1841,985.3423429607308
1842,25.53128642272229
1843,126.43056653916645
1844,510.68065071532226
1845,188.64470989946537
1846,30.93596509223096
1847,133.6822024543702
1848,16.321280813698895
1849,207.88805227302265
1850,52.22200617137706
1851,27.221991937887953
1852,374.7449974500349
1853,76.0783205490552
1854,324.7431825029729
1855,97.6693874862071
1856,39.61393598561892
1857,80.89513648829669
1858,269.57670453431297
1859,14.93016811970017
1860,217.68687639790005
1861,79.79965788727908
1862,198.18943646347677
1863,7.346013226738883
1864,67.28914200688101
1865,13.632999817766056
1866,161.42049547213665
1867,162.58902249363192
1868,187.14602402684233
1869,53.71608823335755
1870,73.76051819292172
1871,19.443491678106728
1872,140.00234405868719
1873,101.8637338528218
1874,210.49766234357728
1875,118.65470609584999
1876,566.7078385455454
1877,77.42042068070977
1878,6.812539072884087
1879,42.68656424685366
1880,60.54106358427702
1881,11.886618531110841
1882,112.1003343833172
1883,35.3662465433068
1884,490.00166822013847
1885,42.02931497828399
1886,86.42018280190676
1887,14.108890012090253
1888,73.4956163346916
1889,15.131535396431357
1890,268.4158461802828
1891,31.383083109271077
1892,91.15424196089566
1893,97.19358376836897
1894,174.0409668442354
1895,125.52666576705397
1896,217.68687639790005
1897,163.89241180921564
1898,149.1354323194547
1899,38.15221098964297
1900,308.85400343054266
1901,7.346013226738883
1902,186.61390519300733
1903,161.86026049769993
1904,69.29459361930154
1905,426.58917358373657
1906,93.15691583477458
1907,13.58024588985442
1908,51.36776170072946
1909,24.337330332411124
1910,144.85408921559787
1911,69.69969610730462
1912,248.11808001674964
1913,82.26892807660286
1914,60.87532113381755
1915,59.6395481175431
1916,30.97922104078754
1917,249.66612943195125
1918,65.24907749067151
1919,117.00789106764562
1920,38.59690817635615
1921,34.03776312701171
1922,111.78335568212125
1923,482.8369041444899
1924,711.8786952546221
1925,76.56108887724402
1926,664.2368514814601
1927,496.12096034993
1928,221.9587600862187
1929,112.56267156731661
1930,226.36882952418588
1931,111.4085428973422
1932,98.27234526788563
1933,203.86063435175103
1934,31.500137107116934
1935,21.049607213544757
1936,65.3130845978235
1937,178.9055214475173
1938,202.4527492847855
1939,72.01978830564369
1940,279.82945215811213
1941,101.31198748403533
1942,30.58727306182766
1943,279.4850783311577
1944,443.5913767653959
1945,280.14084574487356
1946,164.76568724510548
1947,104.14557859272614
1948,523.6199248071508
1949,186.61390519300733
1950,368.44656051669375
1951,16.21028786216898
1952,4.1772809788053396
1953,18.979771172355957
1954,228.34341313234725
1955,64.32884780079848
1956,291.69415879633965
1957,192.88081326112828
1958,38.877111260950414
1959,268.4158461802828
1960,76.35132602753372
1961,44.30263018762427
1962,379.41846537108154
1963,23.70171018210366
1964,24.983903246372826
1965,61.38640539403472
1966,59.01713183068185
1967,15.957964804762392
1968,148.22809716952074
1969,131.45239503909065
1970,563.5981479303834
1971,235.29772251298405
1972,37.0216513425777
1973,22.870778631109935
1974,176.31577265997834
1975,27.802348447659494
1976,93.15691583477458
1977,237.23552156738734
1978,12.314265332280923
1979,70.08026721533156
1980,105.02906261159143
1981,230.9238999337291
1982,35.82870970553802
1983,388.1306069032338
1984,7.109442138792185
1985,6.227787910590595
1986,89.54767002266317
1987,121.84131194875226
1988,140.00234405868719
1989,2.8735383517377953
1990,120.89851566192809
1991,158.64727154589787
1992,62.04218808704881
1993,9.832584095568302
1994,11.686068190926834
1995,34.03776312701171
1996,18.502380421758495
1997,241.49202251367336
1998,28.391413863547722
1999,3.12037944377089
2000,134.6376800946156
2001,142.80284293270037
2002,330.1689968587729
2003,204.6829060621941
2004,70.93796429867595
2005,50.3467584820851
2006,1.5320175822357773
2007,37.22178046968757
2008,107.55513514168857
2009,140.00234405868719
2010,25.53128642272229
2011,17.988994812309915
2012,62.65803718891378
2013,464.67057887217055
2014,71.19765374317323
2015,140.00234405868719
2016,191.1612393721929
2017,92.37588016835329
2018,20.163296147209824
2019,299.4380368743764
2020,15.655055436668075
2021,140.00234405868719
2022,24.395652873790958
2023,4.285776007361063
2024,40.742183095154004
2025,57.21981758470975
2026,221.64912090773822
2027,133.83902011103743
2028,222.52600862000727
2029,48.70227013873661
2030,9.437848522601529
2031,13.609388677847674
2032,98.17652783595443
2033,116.51371555517096
2034,95.08225948922723
2035,91.10779139788865
2036,256.1469803334713
2037,107.75337337747581
2038,73.88705949387638
2039,52.22200617137706
2040,55.66677791654038
2041,444.72452739787644
2042,189.8490160199945
2043,2.5506142687358855
2044,14.292455902556647
2045,171.39814931840633
2046,135.84871607115903
2047,150.66430986785934
2048,243.3550061571682
2049,34.696838941087194
2050,24.983903246372826
2051,124.3542022983747
2052,10.69906190633919
2053,44.888481097530274
2054,7.447143194539122
2055,68.7120133526378
2056,63.6308573917881
2057,36.40528785266978
2058,37.93391200073356
2059,61.234859269177754
2060,47.435593458235594
2061,26.650152619100872
2062,16.443267756045774
2063,1.1533027285132993
2064,108.41967550696278
2065,160.09241843909368
2066,263.87859326103984
2067,517.7855502563589
2068,91.10779139788865
2069,123.63617744677354
2070,114.15503456362369
2071,15.81373881099521
2072,259.3020535329433
2073,115.89192496687647
2074,198.48298855656134
2075,233.20067275161028
2076,76.56108887724402
2077,34.20871327305456
2078,91.10779139788865
2079,224.04592001703548
2080,44.792260499191805
2081,11.569672859271604
2082,29.59646748151665
2083,28.989385697987338
2084,35.88835950095078
2085,140.00234405868719
2086,17.025996135376317
2087,204.3954644647932
2088,64.29940608728033
2089,346.0198675151861
2090,84.83344022780476
2091,153.6524119396053
2092,34.696838941087194
2093,130.98692259643389
2094,4.025307498560175
2095,4.542758347775085
2096,291.8076749052244
2097,181.87076976465016
2098,50.49672748175773
2099,183.59983903942987
2100,270.5962873248901
2101,17.988994812309915
2102,197.68586978594055
2103,6.944986318836454
2104,186.89176087699389
2105,156.58070088615614
2106,188.2581319437064
2107,137.66564158686387
2108,94.23580893693867
2109,122.32595121101929
2110,80.9404720616322
2111,144.58553011158747
2112,37.67542665711508
2113,31.474503029574155
2114,125.15586662912521
2115,496.12096034993
2116,7.346013226738883
2117,105.19243219731469
2118,205.63830649108843
2119,292.17901929557456
2120,119.97432224563225
2121,77.56214466882706
2122,81.02272245100886
2123,54.631600103160366
2124,437.47957048893
2125,70.77621949766664
2126,49.64043298234764
2127,217.68687639790005
2128,70.8486725658459
2129,42.993062515809456
2130,171.33287499124873
2131,2.1942745431460473
2132,34.92849220364048
2133,455.9810336086679
2134,100.01294372636492
2135,281.0295864777419
2136,108.41967550696278
2137,36.54997613710702
2138,441.42058857719155
2139,230.12098602691512
2140,90.8389768599872
2141,150.1420381136628
2142,116.51371555517096
2143,465.7915604487165
2144,30.212868993747684
2145,128.55677645650144
2146,19.99954467344805
2147,29.785126940419893
2148,67.28914200688101
2149,65.88194962202344
2150,249.66612943195125
2151,86.03211609905888
2152,323.81530385744003
2153,96.7462992525737
2154,69.37017956566312
2155,30.838806505055828
2156,476.8063869432364
2157,7.661801127069793
2158,15.479626141999521
2159,180.6613721338089
2160,109.34542627629138
2161,339.5691148762875
2162,111.78335568212125
2163,314.9626605664143
2164,133.15991248850668
2165,128.23134843996314
2166,228.00806958230643
2167,76.0783205490552
2168,26.086644362317987
2169,26.086644362317987
2170,614.4053454329837
2171,70.8486725658459
2172,32.80485413740757
2173,70.77621949766664
2174,61.11202943479829
2175,3.2778919099321953
2176,82.26892807660286
2177,135.25309984791747
2178,40.362981835779735
2179,19.510241737250936
2180,73.177169437458
2181,77.26989694347142
2182,52.288309888207706
2183,15.81373881099521
2184,9.852456928274608
2185,2.5317399084681673
2186,1.0260546933423484
2187,6.944986318836454
2188,48.19760280662139
2189,93.49426174830703
2190,11.048503063904631
2191,57.91173163585524
2192,61.62265874468381
2193,111.45909219686216
2194,211.4776008203395
2195,68.57223701261665
2196,50.42768649562143
2197,9.028878527172937
2198,9.437848522601529
2199,12.156033112201335
2200,56.523288530194705
2201,13.858173284389846
2202,28.85862399284343
2203,6.159327444996501
2204,42.68656424685366
2205,76.26303956783224
2206,11.131303269209688
2207,0.38449793829674267
2208,55.1523462086154
2209,18.457255538198144
2210,222.52600862000727
2211,10.27282115749349
2212,127.52162836409843
2213,344.382328119648
2214,12.314265332280923
2215,33.500933100964104
2216,388.1306069032338
2217,10.31740974649376
2218,162.52076940826586
2219,21.586421732788754
2220,94.6445775464173
2221,19.99954467344805
2222,10.69906190633919
2223,538.4333106710503
2224,84.67985152844061
2225,135.6293439173753
2226,6.314741491741706
2227,181.87076976465016
2228,166.61479034375117
2229,146.5915661681857
2230,40.742183095154004
2231,47.156339016154426
2232,64.26592177401857
2233,22.684512161820756
2234,76.0783205490552
2235,0.15250758598163677
2236,268.82026787739295
2237,228.00806958230643
2238,13.187332008264994
2239,39.18265560578186
2240,94.23580893693867
2241,122.22050225191688
2242,88.66151334676853
2243,60.25971052607879
2244,92.37588016835329
2245,69.29459361930154
2246,88.87120011204989
2247,194.53935073075525
2248,34.92849220364048
2249,169.40712760171905
2250,78.59909574783714
2251,175.00013729899936
2252,109.15506945280418
2253,35.23670056542025
2254,35.11709779220416
2255,12.014301934071446
2256,43.79513930365709
2257,196.30529742351462
2258,159.18728629070898
2259,1.0260546933423484
2260,29.110066637303976
2261,25.581441370986674
2262,207.18190494220684
2263,335.7539326944438
2264,44.02941315245418
2265,1.4096860159297457
2266,122.22050225191688
2267,140.00234405868719
2268,108.56954605241617
2269,40.742183095154004
2270,205.81278417004881
2271,94.23580893693867
2272,38.42266962501115
2273,364.31944750181503
2274,558.1341876093163
2275,292.17901929557456
2276,93.85318023857042
2277,51.36776170072946
2278,65.80831627477289
2279,73.2136894443327
2280,181.87076976465016
2281,274.4519066681656
2282,28.716463361840553
2283,23.816475378823423
2284,101.46331952853596
2285,121.7858176960911
2286,18.979771172355957
2287,9.437848522601529
2288,79.87313613608146
2289,128.86469460448006
2290,45.94626535174058
2291,224.5230672951512
2292,84.75427528281662
2293,153.2873883120137
2294,149.39442893110487
2295,170.44672753214485
2296,158.13682502016638
2297,24.395652873790958
2298,72.33590677865976
2299,30.043822991163427
2300,216.3601882031794
2301,162.52076940826586
2302,140.00234405868719
2303,162.58902249363192
2304,65.3130845978235
2305,15.957964804762392
2306,5.394793767834766
2307,68.983178618041
2308,159.18728629070898
2309,3.2778919099321953
2310,215.16820465885576
2311,88.87120011204989
2312,28.989385697987338
2313,44.792260499191805
2314,53.97411907878389
2315,61.38640539403472
2316,137.72977651730793
2317,87.33429478798814
2318,2.1942745431460473
2319,336.9634145917774
2320,194.53935073075525
2321,121.32934851465316
2322,140.00234405868719
2323,244.22962841650326
2324,13.387116099861595
2325,91.69939767489703
2326,27.432035248202126
2327,115.89192496687647
2328,47.70856041640107
2329,52.25391952374904
2330,11.131303269209688
2331,6.812539072884087
2332,142.2064502411432
2333,119.47786177162052
2334,105.98690835303849
2335,205.63830649108843
2336,105.98690835303849
2337,20.452293247032568
2338,112.45398653000026
2339,34.92849220364048
2340,191.24455756737692
2341,82.26892807660286
2342,94.6445775464173
2343,13.387116099861595
2344,311.0024479890028
2345,268.4158461802828
2346,86.15315079028427
2347,249.66612943195125
2348,36.0462307973199
2349,48.70227013873661
2350,16.727475758605937
2351,54.18013196095485
2352,109.34542627629138
2353,7.346013226738883
2354,166.61479034375117
2355,176.66920312232958
2356,14.82136942809788
2357,5.225598181720302
2358,44.792260499191805
2359,103.48668787589042
2360,131.45239503909065
2361,45.35754103078521
2362,63.336213148661614
2363,224.04592001703548
2364,60.25971052607879
2365,51.36776170072946
2366,274.4519066681656
2367,33.500933100964104
2368,140.00234405868719
2369,127.45860236360943
2370,51.36776170072946
2371,153.2873883120137
2372,126.04939009598745
2373,451.4673037591092
2374,709.5260735521513
2375,14.616210567556813
2376,14.82136942809788
2377,105.19243219731469
2378,31.474503029574155
2379,101.8637338528218
2380,75.88187841657852
2381,73.4956163346916
2382,35.3662465433068
2383,39.61393598561892
2384,70.4769746318779
2385,116.51371555517096
2386,47.00129013395428
2387,32.12018859011404
2388,27.432035248202126
2389,17.988994812309915
2390,124.03079680193504
2391,94.85961595264592
2392,125.15586662912521
2393,93.53790552777846
2394,299.4380368743764
2395,20.103165948366325
2396,247.2939793549072
2397,69.29459361930154
2398,12.633131553062642
2399,11.886618531110841
2400,100.27458840551466
2401,211.02346694268275
2402,10.637805918121607
2403,157.06886153028057
2404,34.92849220364048
2405,13.006787823249763
2406,42.2305581122173
2407,137.79048490224815
2408,238.74139021530993
2409,129.43336545270574
2410,40.742183095154004
2411,311.6051711734027
2412,22.46223349552168
2413,137.66564158686387
2414,44.62538088290737
2415,46.17244377430495
2416,41.812282769121595
2417,476.8063869432364
2418,107.64836190125783
2419,123.63617744677354
2420,121.32934851465316
2421,44.55623297984035
2422,184.913607135619
2423,161.23739542494297
2424,13.187332008264994
2425,23.246162464558164
2426,80.9404720616322
2427,66.99772469975129
2428,448.3325891374347
2429,221.64912090773822
2430,130.46784999975085
2431,544.4399845518675
2432,30.131932690398372
2433,146.96073598406804
2434,133.34334346266945
2435,97.19358376836897
2436,103.32812033974028
2437,78.36162906210511
2438,182.36074851799887
2439,107.75337337747581
2440,24.674627531034965
2441,87.8621372133571
2442,163.89241180921564
2443,12.156033112201335
2444,70.8486725658459
2445,32.12018859011404
2446,298.51218574789635
2447,38.15221098964297
2448,3.570472636240159
2449,91.69939767489703
2450,84.83344022780476
2451,39.300728361511176
2452,84.75427528281662
2453,51.36776170072946
2454,74.90872858336216
2455,235.29772251298405
2456,203.45148088429517
2457,83.62446819816094
2458,80.9404720616322
2459,142.26672798473132
2460,210.09846514970639
2461,20.6785559575796
2462,157.58664279701975
2463,9.437848522601529
2464,269.9309353359964
2465,14.82136942809788
2466,269.2068350508216
2467,53.22561276710511
2468,92.02592733113964
2469,82.26892807660286
2470,87.67437685585364
2471,86.15315079028427
2472,47.156339016154426
2473,36.940608865353305
2474,38.42266962501115
2475,83.50009633996461
2476,153.6524119396053
2477,140.00234405868719
2478,47.844441077030474
2479,516.9036690012279
2480,56.343061377766816
2481,105.98690835303849
2482,75.2098791223261
2483,32.12018859011404
2484,151.8887961603775
2485,5.987635753592618
2486,78.59909574783714
2487,20.52070609431241
2488,188.03711923768375
2489,62.79753153074879
2490,46.17244377430495
2491,103.48668787589042
2492,189.5499819793107
2493,249.66612943195125
2494,170.44672753214485
2495,418.6174962539683
2496,51.36776170072946
